717
719
908
102
79
247
471
400
620
725
212
633
819
985
967
959
965
545
679
567
469
262
345
16
224
744
919
2
238
532
418
821
623
319
643
658
630
617
210
612
287
324
651
498
527
859
639
751
653
970
268
356
145
525
88
502
288
980
720
229
141
220
872
271
35
74
822
916
175
675
490
233
486
708
811
277
200
654
860
124
910
615
576
731
117
404
306
601
579
640
669
430
757
397
507
964
611
33
993
106
433
136
998
39
689
909
683
847
715
758
166
197
479
984
686
726
863
460
434
234
518
464
280
898
43
47
607
975
164
763
927
67
94
412
850
363
848
235
509
625
659
205
52
597
602
250
522
933
581
368
791
339
90
694
456
752
109
441
838
194
894
327
538
147
881
323
877
265
140
879
85
382
104
312
309
591
781
96
202
692
91
253
473
499
80
138
360
806
829
40
727
825
702
584
100
130
320
232
709
647
318
157
213
772
283
873
207
697
884
690
300
50
880
25
158
644
837
481
49
979
216
201
891
313
406
267
729
230
947
321
954
93
127
592
942
231
852
431
911
31
730
997
738
631
326
610
716
497
92
125
769
435
995
420
282
604
621
174
562
37
957
983
703
258
72
365
399
865
208
714
986
56
668
278
177
442
711
83
551
15
941
843
241
756
972
297
340
588
121
994
465
28
337
777
178
237
578
841
101
866
966
605
24
628
632
642
930
893
129
348
191
336
451
180
760
896
956
511
925
799
3
814
749
618
128
476
535
687
20
311
862
655
556
393
60
598
322
559
948
895
526
887
701
66
938
981
392
199
301
387
328
552
595
583
558
165
674
269
736
943
529
759
375
353
962
808
316
818
897
436
184
341
97
705
285
467
86
449
541
98
888
543
48
0
57
707
762
272
776
438
131
554
636
390
523
634
218
111
488
805
606
569
867
310
754
381
974
950
413
4
29
521
696
315
624
296
73
249
487
7
77
946
741
547
76
978
6
773
851
255
561
152
901
185
5
936
426
366
660
691
385
892
869
461
470
786
968
480
286
520
577
209
635
115
380
408
445
45
414
922
252
645
939
761
854
830
188
236
557
839
951
458
346
648
508
587
874
242
359
211
614
971
189
335
798
768
169
81
603
728
878
680
573
661
196
742
58
548
952
539
989
182
416
155
652
439
496
89
448
794
332
667
753
987
22
944
779
263
204
924
537
350
462
982
19
740
619
170
279
745
190
945
775
443
638
223
963
748
181
266
899
122
351
750
724
902
120
151
254
70
734
589
228
713
18
992
514
534
450
371
555
626
988
765
905
832
831
84
782
402
876
684
491
293
840
784
59
11
239
904
517
646
917
26
259
108
766
999
792
823
361
723
991
953
616
440
670
721
671
331
926
338
678
173
673
447
172
855
663
394
650
219
107
560
444
780
834
677
411
856
797
401
302
542
362
395
516
485
609
163
565
586
571
501
55
398
284
858
923
41
225
264
123
384
494
474
8
570
958
95
801
352
23
137
383
809
934
737
87
457
500
9
407
308
314
793
698
334
580
99
389
506
299
132
294
290
563
374
484
472
195
868
372
540
405
69
907
915
167
428
307
452
627
206
820
342
495
14
62
996
932
718
483
118
333
34
846
251
198
664
403
281
437
802
504
396
824
349
113
143
882
162
303
977
215
857
672
292
513
46
767
666
482
12
596
835
531
13
815
330
546
746
422
885
63
816
135
17
739
788
42
378
662
379
785
429
585
594
317
119
468
358
747
722
171
454
65
21
273
889
969
245
928
853
103
27
421
593
875
110
699
914
787
54
735
409
492
244
906
566
505
890
795
116
804
478
886
370
807
347
572
656
637
410
695
528
657
446
376
179
149
665
688
291
325
156
582
168
827
134
388
159
629
712
512
700
770
524
36
193
861
459
256
960
227
845
187
154
489
415
275
536
477
920
783
105
682
771
976
427
304
369
685
146
248
622
343
693
53
533
704
803
931
732
126
424
836
133
549
903
226
937
64
463
812
849
112
139
590
575
222
38
813
608
530
828
940
257
192
790
425
240
246
710
466
515
373
68
990
214
519
270
455
432
800
913
161
935
871
386
377
10
417
289
564
357
789
32
1
973
774
870
221
510
778
295
51
329
864
148
493
114
918
755
681
743
355
260
649
186
142
706
276
826
883
183
261
844
423
810
921
367
600
574
75
553
475
599
71
503
344
912
150
817
796
900
949
61
217
30
764
354
676
842
78
274
82
153
955
305
568
160
550
243
961
733
833
613
176
544
419
203
453
364
391
929
641
298
144
44
