#N=2048
#TX_antenna=1
#RX_antenna=1
#modulation_symbol=2
#MAX_BLER=8
#iteration number=18
#EsNodB,BLER,BER
0.0 1.0 0.01465850830078125
0.5 1.0 0.0082025146484375
1.0 0.9975062344139651 0.0041074681460411475
1.5 0.9626955475330926 0.002070641546329723
2.0 0.866738894907909 0.0009516987743770314
2.5 0.7670182166826462 0.0004981124161073826
3.0 0.6519967400162999 0.0002966696592298289
3.5 0.5970149253731343 0.0002091592817164179
4.0 0.5586592178770949 0.00018140057611731845
4.5 0.5365526492287056 0.00016390661678403757
