#N=512
#TX_antenna=1
#RX_antenna=1
#modulation_symbol=2
#MAX_BLER=8
#iteration number=18
#EsNodB,BLER,BER
0.0 0.9925558312655087 0.015595921215880893
0.5 0.9673518742442564 0.008479679942563483
1.0 0.9174311926605505 0.004814497921444954
1.5 0.8324661810613944 0.0028311166753381893
2.0 0.7220216606498195 0.0015415232964801444
2.5 0.6802721088435374 0.0011110889668367347
3.0 0.6201550387596899 0.0008751211240310078
3.5 0.6010518407212622 0.0007630540946656649
4.0 0.5843681519357194 0.000714053369247626
4.5 0.5629838142153413 0.0006741786154116819
