#N=1024
#TX_antenna=1
#RX_antenna=1
#modulation_symbol=2
#MAX_BLER=8
#iteration number=18
#EsNodB,BLER,BER
0.0 1.0 0.0149591064453125
0.5 0.9962640099626401 0.008542793625467
1.0 0.9720534629404617 0.004506663882138518
1.5 0.903954802259887 0.002266507768361582
2.0 0.8221993833504625 0.001180807586073998
2.5 0.7380073800738007 0.0007427820860239852
3.0 0.6751054852320675 0.0005319587289029536
3.5 0.6639004149377593 0.00045748508817427386
4.0 0.631911532385466 0.00040882948262243283
4.5 0.6216006216006216 0.0003983646561771562
