#TX_antenna=1
#RX_antenna=1
#modulation_symbol=2
#MAX_BLERR=8
#iteration number=8
#EsNodB,BLER,BER
-5.0 1.0 0.1035
-4.5 1.0 0.072
-4.0 1.0 0.044
-3.5 1.0 0.0325
-3.0 1.0 0.016
-2.5 0.23529411764705882 0.003176470588235294
-2.0 0.32 0.00232
-1.5 0.06060606060606061 0.00045454545454545455
-1.0 0.03864734299516908 0.00017391304347826088
-0.5 0.01616161616161616 6.868686868686868e-05
0.0 0.006472491909385114 2.912621359223301e-05
0.5 0.0022240756185710315 1.000834028356964e-05
1.0 0.0017524644030668128 7.886089813800657e-06
1.5 0.0 0.0
