#TX_antenna=1
#RX_antenna=1
#modulation_symbol=2
#MAX_BLERR=8
#iteration number=8
#EsNodB,BLER,BER
-5.0 1.0 0.107
-4.5 1.0 0.077875
-4.0 1.0 0.0505625
-3.5 1.0 0.032
-3.0 1.0 0.018875
-2.5 0.8888888888888888 0.004388888888888889
-2.0 0.2 0.0003125
-1.5 0.19047619047619047 0.0002023809523809524
-1.0 0.09090909090909091 0.00010227272727272727
-0.5 0.01990049751243781 1.990049751243781e-05
0.0 0.013961605584642234 1.5706806282722515e-05
0.5 0.007239819004524887 7.239819004524887e-06
1.0 0.0 0.0
1.5 0.0 0.0
