#TX_antenna=1
#RX_antenna=1
#modulation_symbol=2
#MAX_BLERR=8
#iteration number=8
#EsNodB,BLER,BER
-5.0 1.0 0.102875
-4.5 1.0 0.082
-4.0 1.0 0.04975
-3.5 1.0 0.03025
-3.0 0.6666666666666666 0.009
-2.5 0.6153846153846154 0.005538461538461538
-2.0 0.22857142857142856 0.0013142857142857142
-1.5 0.12903225806451613 0.0003870967741935484
-1.0 0.049689440993788817 0.00013043478260869564
-0.5 0.015904572564612324 4.37375745526839e-05
0.0 0.0065040650406504065 1.3008130081300813e-05
0.5 0.002252886510842016 4.505773021684033e-06
1.0 0.0 0.0
1.5 0.0 0.0
