#N=512
#TX_antenna=1
#RX_antenna=1
#modulation_symbol=2
#MAX_BLER=8
#iteration number=18
#EsNodB,BLER,BER
-5.0 1.0 0.25573093254222107
-4.5 1.0 0.24126066522198056
-4.0 1.0 0.22503393479721084
-3.5 0.9998720573183214 0.2049737967390609
-3.0 0.9950742067553736 0.17921058865628198
-2.5 0.897517911975435 0.13271441894031474
-2.0 0.4491427840327533 0.052383407233559366
-1.5 0.0626919140225179 0.005569130029746673
-1.0 0.0032625383828045035 0.00010757680559109519
-0.5 0.0007676560900716479 3.748320752302968e-06
0.0 0.00031985670419652 1.2494402507676562e-06
0.5 0.0 0.0
