#TX_antenna=1
#RX_antenna=1
#modulation_symbol=2
#MAX_BLERR=8
#iteration number=8
#EsNodB,BLER,BER
-5.0 1.0 0.10278125
-4.5 1.0 0.0794375
-4.0 1.0 0.05403125
-3.5 1.0 0.03090625
-3.0 1.0 0.0153125
-2.5 0.8888888888888888 0.004138888888888889
-2.0 0.34782608695652173 0.0006304347826086957
-1.5 0.0784313725490196 0.00010294117647058824
-1.0 0.03940886699507389 1.9704433497536946e-05
-0.5 0.017467248908296942 1.2008733624454148e-05
0.0 0.00963855421686747 5.421686746987952e-06
0.5 0.0 0.0
1.0 0.0 0.0
1.5 0.0 0.0
