#TX_antenna=1
#RX_antenna=1
#modulation_symbol=2
#MAX_BLERR=8
#iteration number=8
#EsNodB,BLER,BER
-5.0 1.0 0.10175
-4.5 1.0 0.08775
-4.0 1.0 0.0585
-3.5 1.0 0.03075
-3.0 0.8888888888888888 0.028888888888888888
-2.5 0.42105263157894735 0.007684210526315789
-2.0 0.12121212121212122 0.0008787878787878787
-1.5 0.12698412698412698 0.0006031746031746032
-1.0 0.07920792079207921 0.0005148514851485149
-0.5 0.03225806451612903 0.00016129032258064516
0.0 0.008064516129032258 3.629032258064516e-05
0.5 0.005351170568561873 2.1404682274247492e-05
1.0 0.008146639511201629 3.2586558044806514e-05
1.5 0.0036596523330283625 1.4638609332113449e-05
