#TX_antenna=1
#RX_antenna=1
#modulation_symbol=2
#MAX_BLERR=8
#iteration number=8
#EsNodB,BLER,BER
-5.0 1.0 0.106625
-4.5 1.0 0.07125
-4.0 1.0 0.043625
-3.5 1.0 0.035625
-3.0 1.0 0.022
-2.5 0.4444444444444444 0.0033888888888888888
-2.0 0.20512820512820512 0.0010769230769230769
-1.5 0.12307692307692308 0.0005076923076923077
-1.0 0.0851063829787234 0.00023404255319148937
-0.5 0.015037593984962405 3.759398496240601e-05
0.0 0.01642710472279261 3.285420944558522e-05
0.5 0.005722460658082976 1.144492131616595e-05
1.0 0.0026791694574681848 5.35833891493637e-06
1.5 0.0 0.0
